{"nbformat":4,"nbformat_minor":0,"metadata":{"colab":{"provenance":[]},"kernelspec":{"name":"python3","display_name":"Python 3"},"language_info":{"name":"python"}},"cells":[{"cell_type":"code","source":["import numpy as np\n","import pandas as pd\n","import matplotlib.pyplot as plt\n","import seaborn as sns\n","import plotly.express as px\n","%matplotlib inline"],"metadata":{"id":"B_dHFiFAalGF","executionInfo":{"status":"ok","timestamp":1759411338584,"user_tz":-300,"elapsed":3339,"user":{"displayName":"максим акулин","userId":"18032206143782381396"}}},"execution_count":1,"outputs":[]},{"cell_type":"markdown","source":["В данном примере будет регрессионная модель, на примере предсказания стоимости машины"],"metadata":{"id":"RtO8Ceb5YY4l"}},{"cell_type":"code","execution_count":28,"metadata":{"id":"xqUdKTqV4vn0","executionInfo":{"status":"ok","timestamp":1759411969347,"user_tz":-300,"elapsed":11,"user":{"displayName":"максим акулин","userId":"18032206143782381396"}}},"outputs":[],"source":["data=pd.read_csv('/content/CarPrice_Assignment.csv')"]},{"cell_type":"markdown","source":["Выведем  информацию о датасете"],"metadata":{"id":"kduX5FKaa5t2"}},{"cell_type":"code","source":["data.head()"],"metadata":{"colab":{"base_uri":"https://localhost:8080/","height":307},"id":"HvwPeVkdauBy","outputId":"35e8f447-e903-48e7-ec69-d974c54c3538","executionInfo":{"status":"ok","timestamp":1759411433690,"user_tz":-300,"elapsed":41,"user":{"displayName":"максим акулин","userId":"18032206143782381396"}}},"execution_count":5,"outputs":[{"output_type":"execute_result","data":{"text/plain":["   car_ID  symboling                   CarName fueltype aspiration doornumber  \\\n","0       1          3        alfa-romero giulia      gas        std        two   \n","1       2          3       alfa-romero stelvio      gas        std        two   \n","2       3          1  alfa-romero Quadrifoglio      gas        std        two   \n","3       4          2               audi 100 ls      gas        std       four   \n","4       5          2                audi 100ls      gas        std       four   \n","\n","       carbody drivewheel enginelocation  wheelbase  ...  enginesize  \\\n","0  convertible        rwd          front       88.6  ...         130   \n","1  convertible        rwd          front       88.6  ...         130   \n","2    hatchback        rwd          front       94.5  ...         152   \n","3        sedan        fwd          front       99.8  ...         109   \n","4        sedan        4wd          front       99.4  ...         136   \n","\n","   fuelsystem  boreratio  stroke compressionratio horsepower  peakrpm citympg  \\\n","0        mpfi       3.47    2.68              9.0        111     5000      21   \n","1        mpfi       3.47    2.68              9.0        111     5000      21   \n","2        mpfi       2.68    3.47              9.0        154     5000      19   \n","3        mpfi       3.19    3.40             10.0        102     5500      24   \n","4        mpfi       3.19    3.40              8.0        115     5500      18   \n","\n","   highwaympg    price  \n","0          27  13495.0  \n","1          27  16500.0  \n","2          26  16500.0  \n","3          30  13950.0  \n","4          22  17450.0  \n","\n","[5 rows x 26 columns]"],"text/html":["\n","  <div id=\"df-1f95363c-903e-4578-b29e-b388776413ea\" class=\"colab-df-container\">\n","    <div>\n","<style scoped>\n","    .dataframe tbody tr th:only-of-type {\n","        vertical-align: middle;\n","    }\n","\n","    .dataframe tbody tr th {\n","        vertical-align: top;\n","    }\n","\n","    .dataframe thead th {\n","        text-align: right;\n","    }\n","</style>\n","<table border=\"1\" class=\"dataframe\">\n","  <thead>\n","    <tr style=\"text-align: right;\">\n","      <th></th>\n","      <th>car_ID</th>\n","      <th>symboling</th>\n","      <th>CarName</th>\n","      <th>fueltype</th>\n","      <th>aspiration</th>\n","      <th>doornumber</th>\n","      <th>carbody</th>\n","      <th>drivewheel</th>\n","      <th>enginelocation</th>\n","      <th>wheelbase</th>\n","      <th>...</th>\n","      <th>enginesize</th>\n","      <th>fuelsystem</th>\n","      <th>boreratio</th>\n","      <th>stroke</th>\n","      <th>compressionratio</th>\n","      <th>horsepower</th>\n","      <th>peakrpm</th>\n","      <th>citympg</th>\n","      <th>highwaympg</th>\n","      <th>price</th>\n","    </tr>\n","  </thead>\n","  <tbody>\n","    <tr>\n","      <th>0</th>\n","      <td>1</td>\n","      <td>3</td>\n","      <td>alfa-romero giulia</td>\n","      <td>gas</td>\n","      <td>std</td>\n","      <td>two</td>\n","      <td>convertible</td>\n","      <td>rwd</td>\n","      <td>front</td>\n","      <td>88.6</td>\n","      <td>...</td>\n","      <td>130</td>\n","      <td>mpfi</td>\n","      <td>3.47</td>\n","      <td>2.68</td>\n","      <td>9.0</td>\n","      <td>111</td>\n","      <td>5000</td>\n","      <td>21</td>\n","      <td>27</td>\n","      <td>13495.0</td>\n","    </tr>\n","    <tr>\n","      <th>1</th>\n","      <td>2</td>\n","      <td>3</td>\n","      <td>alfa-romero stelvio</td>\n","      <td>gas</td>\n","      <td>std</td>\n","      <td>two</td>\n","      <td>convertible</td>\n","      <td>rwd</td>\n","      <td>front</td>\n","      <td>88.6</td>\n","      <td>...</td>\n","      <td>130</td>\n","      <td>mpfi</td>\n","      <td>3.47</td>\n","      <td>2.68</td>\n","      <td>9.0</td>\n","      <td>111</td>\n","      <td>5000</td>\n","      <td>21</td>\n","      <td>27</td>\n","      <td>16500.0</td>\n","    </tr>\n","    <tr>\n","      <th>2</th>\n","      <td>3</td>\n","      <td>1</td>\n","      <td>alfa-romero Quadrifoglio</td>\n","      <td>gas</td>\n","      <td>std</td>\n","      <td>two</td>\n","      <td>hatchback</td>\n","      <td>rwd</td>\n","      <td>front</td>\n","      <td>94.5</td>\n","      <td>...</td>\n","      <td>152</td>\n","      <td>mpfi</td>\n","      <td>2.68</td>\n","      <td>3.47</td>\n","      <td>9.0</td>\n","      <td>154</td>\n","      <td>5000</td>\n","      <td>19</td>\n","      <td>26</td>\n","      <td>16500.0</td>\n","    </tr>\n","    <tr>\n","      <th>3</th>\n","      <td>4</td>\n","      <td>2</td>\n","      <td>audi 100 ls</td>\n","      <td>gas</td>\n","      <td>std</td>\n","      <td>four</td>\n","      <td>sedan</td>\n","      <td>fwd</td>\n","      <td>front</td>\n","      <td>99.8</td>\n","      <td>...</td>\n","      <td>109</td>\n","      <td>mpfi</td>\n","      <td>3.19</td>\n","      <td>3.40</td>\n","      <td>10.0</td>\n","      <td>102</td>\n","      <td>5500</td>\n","      <td>24</td>\n","      <td>30</td>\n","      <td>13950.0</td>\n","    </tr>\n","    <tr>\n","      <th>4</th>\n","      <td>5</td>\n","      <td>2</td>\n","      <td>audi 100ls</td>\n","      <td>gas</td>\n","      <td>std</td>\n","      <td>four</td>\n","      <td>sedan</td>\n","      <td>4wd</td>\n","      <td>front</td>\n","      <td>99.4</td>\n","      <td>...</td>\n","      <td>136</td>\n","      <td>mpfi</td>\n","      <td>3.19</td>\n","      <td>3.40</td>\n","      <td>8.0</td>\n","      <td>115</td>\n","      <td>5500</td>\n","      <td>18</td>\n","      <td>22</td>\n","      <td>17450.0</td>\n","    </tr>\n","  </tbody>\n","</table>\n","<p>5 rows × 26 columns</p>\n","</div>\n","    <div class=\"colab-df-buttons\">\n","\n","  <div class=\"colab-df-container\">\n","    <button class=\"colab-df-convert\" onclick=\"convertToInteractive('df-1f95363c-903e-4578-b29e-b388776413ea')\"\n","            title=\"Convert this dataframe to an interactive table.\"\n","            style=\"display:none;\">\n","\n","  <svg xmlns=\"http://www.w3.org/2000/svg\" height=\"24px\" viewBox=\"0 -960 960 960\">\n","    <path d=\"M120-120v-720h720v720H120Zm60-500h600v-160H180v160Zm220 220h160v-160H400v160Zm0 220h160v-160H400v160ZM180-400h160v-160H180v160Zm440 0h160v-160H620v160ZM180-180h160v-160H180v160Zm440 0h160v-160H620v160Z\"/>\n","  </svg>\n","    </button>\n","\n","  <style>\n","    .colab-df-container {\n","      display:flex;\n","      gap: 12px;\n","    }\n","\n","    .colab-df-convert {\n","      background-color: #E8F0FE;\n","      border: none;\n","      border-radius: 50%;\n","      cursor: pointer;\n","      display: none;\n","      fill: #1967D2;\n","      height: 32px;\n","      padding: 0 0 0 0;\n","      width: 32px;\n","    }\n","\n","    .colab-df-convert:hover {\n","      background-color: #E2EBFA;\n","      box-shadow: 0px 1px 2px rgba(60, 64, 67, 0.3), 0px 1px 3px 1px rgba(60, 64, 67, 0.15);\n","      fill: #174EA6;\n","    }\n","\n","    .colab-df-buttons div {\n","      margin-bottom: 4px;\n","    }\n","\n","    [theme=dark] .colab-df-convert {\n","      background-color: #3B4455;\n","      fill: #D2E3FC;\n","    }\n","\n","    [theme=dark] .colab-df-convert:hover {\n","      background-color: #434B5C;\n","      box-shadow: 0px 1px 3px 1px rgba(0, 0, 0, 0.15);\n","      filter: drop-shadow(0px 1px 2px rgba(0, 0, 0, 0.3));\n","      fill: #FFFFFF;\n","    }\n","  </style>\n","\n","    <script>\n","      const buttonEl =\n","        document.querySelector('#df-1f95363c-903e-4578-b29e-b388776413ea button.colab-df-convert');\n","      buttonEl.style.display =\n","        google.colab.kernel.accessAllowed ? 'block' : 'none';\n","\n","      async function convertToInteractive(key) {\n","        const element = document.querySelector('#df-1f95363c-903e-4578-b29e-b388776413ea');\n","        const dataTable =\n","          await google.colab.kernel.invokeFunction('convertToInteractive',\n","                                                    [key], {});\n","        if (!dataTable) return;\n","\n","        const docLinkHtml = 'Like what you see? Visit the ' +\n","          '<a target=\"_blank\" href=https://colab.research.google.com/notebooks/data_table.ipynb>data table notebook</a>'\n","          + ' to learn more about interactive tables.';\n","        element.innerHTML = '';\n","        dataTable['output_type'] = 'display_data';\n","        await google.colab.output.renderOutput(dataTable, element);\n","        const docLink = document.createElement('div');\n","        docLink.innerHTML = docLinkHtml;\n","        element.appendChild(docLink);\n","      }\n","    </script>\n","  </div>\n","\n","\n","    <div id=\"df-34afc7d4-c0ce-42b2-863c-5aaf3c470c92\">\n","      <button class=\"colab-df-quickchart\" onclick=\"quickchart('df-34afc7d4-c0ce-42b2-863c-5aaf3c470c92')\"\n","                title=\"Suggest charts\"\n","                style=\"display:none;\">\n","\n","<svg xmlns=\"http://www.w3.org/2000/svg\" height=\"24px\"viewBox=\"0 0 24 24\"\n","     width=\"24px\">\n","    <g>\n","        <path d=\"M19 3H5c-1.1 0-2 .9-2 2v14c0 1.1.9 2 2 2h14c1.1 0 2-.9 2-2V5c0-1.1-.9-2-2-2zM9 17H7v-7h2v7zm4 0h-2V7h2v10zm4 0h-2v-4h2v4z\"/>\n","    </g>\n","</svg>\n","      </button>\n","\n","<style>\n","  .colab-df-quickchart {\n","      --bg-color: #E8F0FE;\n","      --fill-color: #1967D2;\n","      --hover-bg-color: #E2EBFA;\n","      --hover-fill-color: #174EA6;\n","      --disabled-fill-color: #AAA;\n","      --disabled-bg-color: #DDD;\n","  }\n","\n","  [theme=dark] .colab-df-quickchart {\n","      --bg-color: #3B4455;\n","      --fill-color: #D2E3FC;\n","      --hover-bg-color: #434B5C;\n","      --hover-fill-color: #FFFFFF;\n","      --disabled-bg-color: #3B4455;\n","      --disabled-fill-color: #666;\n","  }\n","\n","  .colab-df-quickchart {\n","    background-color: var(--bg-color);\n","    border: none;\n","    border-radius: 50%;\n","    cursor: pointer;\n","    display: none;\n","    fill: var(--fill-color);\n","    height: 32px;\n","    padding: 0;\n","    width: 32px;\n","  }\n","\n","  .colab-df-quickchart:hover {\n","    background-color: var(--hover-bg-color);\n","    box-shadow: 0 1px 2px rgba(60, 64, 67, 0.3), 0 1px 3px 1px rgba(60, 64, 67, 0.15);\n","    fill: var(--button-hover-fill-color);\n","  }\n","\n","  .colab-df-quickchart-complete:disabled,\n","  .colab-df-quickchart-complete:disabled:hover {\n","    background-color: var(--disabled-bg-color);\n","    fill: var(--disabled-fill-color);\n","    box-shadow: none;\n","  }\n","\n","  .colab-df-spinner {\n","    border: 2px solid var(--fill-color);\n","    border-color: transparent;\n","    border-bottom-color: var(--fill-color);\n","    animation:\n","      spin 1s steps(1) infinite;\n","  }\n","\n","  @keyframes spin {\n","    0% {\n","      border-color: transparent;\n","      border-bottom-color: var(--fill-color);\n","      border-left-color: var(--fill-color);\n","    }\n","    20% {\n","      border-color: transparent;\n","      border-left-color: var(--fill-color);\n","      border-top-color: var(--fill-color);\n","    }\n","    30% {\n","      border-color: transparent;\n","      border-left-color: var(--fill-color);\n","      border-top-color: var(--fill-color);\n","      border-right-color: var(--fill-color);\n","    }\n","    40% {\n","      border-color: transparent;\n","      border-right-color: var(--fill-color);\n","      border-top-color: var(--fill-color);\n","    }\n","    60% {\n","      border-color: transparent;\n","      border-right-color: var(--fill-color);\n","    }\n","    80% {\n","      border-color: transparent;\n","      border-right-color: var(--fill-color);\n","      border-bottom-color: var(--fill-color);\n","    }\n","    90% {\n","      border-color: transparent;\n","      border-bottom-color: var(--fill-color);\n","    }\n","  }\n","</style>\n","\n","      <script>\n","        async function quickchart(key) {\n","          const quickchartButtonEl =\n","            document.querySelector('#' + key + ' button');\n","          quickchartButtonEl.disabled = true;  // To prevent multiple clicks.\n","          quickchartButtonEl.classList.add('colab-df-spinner');\n","          try {\n","            const charts = await google.colab.kernel.invokeFunction(\n","                'suggestCharts', [key], {});\n","          } catch (error) {\n","            console.error('Error during call to suggestCharts:', error);\n","          }\n","          quickchartButtonEl.classList.remove('colab-df-spinner');\n","          quickchartButtonEl.classList.add('colab-df-quickchart-complete');\n","        }\n","        (() => {\n","          let quickchartButtonEl =\n","            document.querySelector('#df-34afc7d4-c0ce-42b2-863c-5aaf3c470c92 button');\n","          quickchartButtonEl.style.display =\n","            google.colab.kernel.accessAllowed ? 'block' : 'none';\n","        })();\n","      </script>\n","    </div>\n","    </div>\n","  </div>\n"],"application/vnd.google.colaboratory.intrinsic+json":{"type":"dataframe","variable_name":"data"}},"metadata":{},"execution_count":5}]},{"cell_type":"code","source":["data.info()"],"metadata":{"colab":{"base_uri":"https://localhost:8080/"},"id":"F150ZOHyaxz6","outputId":"13c513ae-657e-423f-c231-bb4ca3c6fb26","executionInfo":{"status":"ok","timestamp":1759411479572,"user_tz":-300,"elapsed":48,"user":{"displayName":"максим акулин","userId":"18032206143782381396"}}},"execution_count":6,"outputs":[{"output_type":"stream","name":"stdout","text":["<class 'pandas.core.frame.DataFrame'>\n","RangeIndex: 205 entries, 0 to 204\n","Data columns (total 26 columns):\n"," #   Column            Non-Null Count  Dtype  \n","---  ------            --------------  -----  \n"," 0   car_ID            205 non-null    int64  \n"," 1   symboling         205 non-null    int64  \n"," 2   CarName           205 non-null    object \n"," 3   fueltype          205 non-null    object \n"," 4   aspiration        205 non-null    object \n"," 5   doornumber        205 non-null    object \n"," 6   carbody           205 non-null    object \n"," 7   drivewheel        205 non-null    object \n"," 8   enginelocation    205 non-null    object \n"," 9   wheelbase         205 non-null    float64\n"," 10  carlength         205 non-null    float64\n"," 11  carwidth          205 non-null    float64\n"," 12  carheight         205 non-null    float64\n"," 13  curbweight        205 non-null    int64  \n"," 14  enginetype        205 non-null    object \n"," 15  cylindernumber    205 non-null    object \n"," 16  enginesize        205 non-null    int64  \n"," 17  fuelsystem        205 non-null    object \n"," 18  boreratio         205 non-null    float64\n"," 19  stroke            205 non-null    float64\n"," 20  compressionratio  205 non-null    float64\n"," 21  horsepower        205 non-null    int64  \n"," 22  peakrpm           205 non-null    int64  \n"," 23  citympg           205 non-null    int64  \n"," 24  highwaympg        205 non-null    int64  \n"," 25  price             205 non-null    float64\n","dtypes: float64(8), int64(8), object(10)\n","memory usage: 41.8+ KB\n"]}]},{"cell_type":"markdown","source":["Удаляем столбецы car_ID и carName, т.к они нам не нужны"],"metadata":{"id":"u3-gsCqbbj5b"}},{"cell_type":"code","source":["data.drop(['car_ID','CarName'],axis = 1,inplace = True)"],"metadata":{"id":"bURMWmI3bivY","executionInfo":{"status":"ok","timestamp":1759411972936,"user_tz":-300,"elapsed":1,"user":{"displayName":"максим акулин","userId":"18032206143782381396"}}},"execution_count":29,"outputs":[]},{"cell_type":"code","source":["data.info()"],"metadata":{"colab":{"base_uri":"https://localhost:8080/"},"id":"bZdYOAZcGe3e","executionInfo":{"status":"ok","timestamp":1759411599875,"user_tz":-300,"elapsed":4,"user":{"displayName":"максим акулин","userId":"18032206143782381396"}},"outputId":"5f6bfede-419c-484a-cf8e-e8591cf47367"},"execution_count":10,"outputs":[{"output_type":"stream","name":"stdout","text":["<class 'pandas.core.frame.DataFrame'>\n","RangeIndex: 205 entries, 0 to 204\n","Data columns (total 24 columns):\n"," #   Column            Non-Null Count  Dtype  \n","---  ------            --------------  -----  \n"," 0   symboling         205 non-null    int64  \n"," 1   fueltype          205 non-null    object \n"," 2   aspiration        205 non-null    object \n"," 3   doornumber        205 non-null    object \n"," 4   carbody           205 non-null    object \n"," 5   drivewheel        205 non-null    object \n"," 6   enginelocation    205 non-null    object \n"," 7   wheelbase         205 non-null    float64\n"," 8   carlength         205 non-null    float64\n"," 9   carwidth          205 non-null    float64\n"," 10  carheight         205 non-null    float64\n"," 11  curbweight        205 non-null    int64  \n"," 12  enginetype        205 non-null    object \n"," 13  cylindernumber    205 non-null    object \n"," 14  enginesize        205 non-null    int64  \n"," 15  fuelsystem        205 non-null    object \n"," 16  boreratio         205 non-null    float64\n"," 17  stroke            205 non-null    float64\n"," 18  compressionratio  205 non-null    float64\n"," 19  horsepower        205 non-null    int64  \n"," 20  peakrpm           205 non-null    int64  \n"," 21  citympg           205 non-null    int64  \n"," 22  highwaympg        205 non-null    int64  \n"," 23  price             205 non-null    float64\n","dtypes: float64(8), int64(7), object(9)\n","memory usage: 38.6+ KB\n"]}]},{"cell_type":"code","source":["data.size"],"metadata":{"colab":{"base_uri":"https://localhost:8080/"},"id":"VTIZzIgxa2GY","outputId":"58c681f2-2d84-49d7-bcaa-9396cba7e218","executionInfo":{"status":"ok","timestamp":1759411608348,"user_tz":-300,"elapsed":5,"user":{"displayName":"максим акулин","userId":"18032206143782381396"}}},"execution_count":11,"outputs":[{"output_type":"execute_result","data":{"text/plain":["4920"]},"metadata":{},"execution_count":11}]},{"cell_type":"code","source":["data.isnull().sum()"],"metadata":{"colab":{"base_uri":"https://localhost:8080/","height":837},"id":"dbHxNdOwbERC","outputId":"5e610e65-17f1-48c0-f165-09a3456844c7","executionInfo":{"status":"ok","timestamp":1759411619869,"user_tz":-300,"elapsed":15,"user":{"displayName":"максим акулин","userId":"18032206143782381396"}}},"execution_count":12,"outputs":[{"output_type":"execute_result","data":{"text/plain":["symboling           0\n","fueltype            0\n","aspiration          0\n","doornumber          0\n","carbody             0\n","drivewheel          0\n","enginelocation      0\n","wheelbase           0\n","carlength           0\n","carwidth            0\n","carheight           0\n","curbweight          0\n","enginetype          0\n","cylindernumber      0\n","enginesize          0\n","fuelsystem          0\n","boreratio           0\n","stroke              0\n","compressionratio    0\n","horsepower          0\n","peakrpm             0\n","citympg             0\n","highwaympg          0\n","price               0\n","dtype: int64"],"text/html":["<div>\n","<style scoped>\n","    .dataframe tbody tr th:only-of-type {\n","        vertical-align: middle;\n","    }\n","\n","    .dataframe tbody tr th {\n","        vertical-align: top;\n","    }\n","\n","    .dataframe thead th {\n","        text-align: right;\n","    }\n","</style>\n","<table border=\"1\" class=\"dataframe\">\n","  <thead>\n","    <tr style=\"text-align: right;\">\n","      <th></th>\n","      <th>0</th>\n","    </tr>\n","  </thead>\n","  <tbody>\n","    <tr>\n","      <th>symboling</th>\n","      <td>0</td>\n","    </tr>\n","    <tr>\n","      <th>fueltype</th>\n","      <td>0</td>\n","    </tr>\n","    <tr>\n","      <th>aspiration</th>\n","      <td>0</td>\n","    </tr>\n","    <tr>\n","      <th>doornumber</th>\n","      <td>0</td>\n","    </tr>\n","    <tr>\n","      <th>carbody</th>\n","      <td>0</td>\n","    </tr>\n","    <tr>\n","      <th>drivewheel</th>\n","      <td>0</td>\n","    </tr>\n","    <tr>\n","      <th>enginelocation</th>\n","      <td>0</td>\n","    </tr>\n","    <tr>\n","      <th>wheelbase</th>\n","      <td>0</td>\n","    </tr>\n","    <tr>\n","      <th>carlength</th>\n","      <td>0</td>\n","    </tr>\n","    <tr>\n","      <th>carwidth</th>\n","      <td>0</td>\n","    </tr>\n","    <tr>\n","      <th>carheight</th>\n","      <td>0</td>\n","    </tr>\n","    <tr>\n","      <th>curbweight</th>\n","      <td>0</td>\n","    </tr>\n","    <tr>\n","      <th>enginetype</th>\n","      <td>0</td>\n","    </tr>\n","    <tr>\n","      <th>cylindernumber</th>\n","      <td>0</td>\n","    </tr>\n","    <tr>\n","      <th>enginesize</th>\n","      <td>0</td>\n","    </tr>\n","    <tr>\n","      <th>fuelsystem</th>\n","      <td>0</td>\n","    </tr>\n","    <tr>\n","      <th>boreratio</th>\n","      <td>0</td>\n","    </tr>\n","    <tr>\n","      <th>stroke</th>\n","      <td>0</td>\n","    </tr>\n","    <tr>\n","      <th>compressionratio</th>\n","      <td>0</td>\n","    </tr>\n","    <tr>\n","      <th>horsepower</th>\n","      <td>0</td>\n","    </tr>\n","    <tr>\n","      <th>peakrpm</th>\n","      <td>0</td>\n","    </tr>\n","    <tr>\n","      <th>citympg</th>\n","      <td>0</td>\n","    </tr>\n","    <tr>\n","      <th>highwaympg</th>\n","      <td>0</td>\n","    </tr>\n","    <tr>\n","      <th>price</th>\n","      <td>0</td>\n","    </tr>\n","  </tbody>\n","</table>\n","</div><br><label><b>dtype:</b> int64</label>"]},"metadata":{},"execution_count":12}]},{"cell_type":"markdown","source":["Переводим все строки в категории"],"metadata":{"id":"Q7vcWP9_cM3h"}},{"cell_type":"code","source":["from sklearn.preprocessing import LabelEncoder\n","\n","labelsToEncode=['fueltype','aspiration','doornumber','carbody','drivewheel','enginelocation','enginetype','cylindernumber','fuelsystem']\n","for label in labelsToEncode:\n","  le = LabelEncoder()\n","  data[label] = le.fit_transform(data[label])"],"metadata":{"id":"dkrqpf2ZcLrc","executionInfo":{"status":"ok","timestamp":1759411977732,"user_tz":-300,"elapsed":4,"user":{"displayName":"максим акулин","userId":"18032206143782381396"}}},"execution_count":30,"outputs":[]},{"cell_type":"code","source":["px.imshow(data.corr(),title=\"Корреляционная матрица\")"],"metadata":{"colab":{"base_uri":"https://localhost:8080/","height":542},"id":"QhkhiueUzeQY","executionInfo":{"status":"ok","timestamp":1759411665247,"user_tz":-300,"elapsed":4299,"user":{"displayName":"максим акулин","userId":"18032206143782381396"}},"outputId":"f2234ae7-7d72-43cb-d641-3ba34d11a1b1"},"execution_count":14,"outputs":[{"output_type":"display_data","data":{"text/html":["<html>\n","<head><meta charset=\"utf-8\" /></head>\n","<body>\n","    <div>            <script src=\"https://cdnjs.cloudflare.com/ajax/libs/mathjax/2.7.5/MathJax.js?config=TeX-AMS-MML_SVG\"></script><script type=\"text/javascript\">if (window.MathJax && window.MathJax.Hub && window.MathJax.Hub.Config) {window.MathJax.Hub.Config({SVG: {font: \"STIX-Web\"}});}</script>                <script type=\"text/javascript\">window.PlotlyConfig = {MathJaxConfig: 'local'};</script>\n","        <script charset=\"utf-8\" src=\"https://cdn.plot.ly/plotly-2.35.2.min.js\"></script>                <div id=\"917e4702-ccb5-456d-85ee-f7207313ea3e\" class=\"plotly-graph-div\" style=\"height:525px; width:100%;\"></div>            <script type=\"text/javascript\">                                    window.PLOTLYENV=window.PLOTLYENV || {};                                    if (document.getElementById(\"917e4702-ccb5-456d-85ee-f7207313ea3e\")) {                    Plotly.newPlot(                        \"917e4702-ccb5-456d-85ee-f7207313ea3e\",                        [{\"coloraxis\":\"coloraxis\",\"name\":\"0\",\"x\":[\"symboling\",\"fueltype\",\"aspiration\",\"doornumber\",\"carbody\",\"drivewheel\",\"enginelocation\",\"wheelbase\",\"carlength\",\"carwidth\",\"carheight\",\"curbweight\",\"enginetype\",\"cylindernumber\",\"enginesize\",\"fuelsystem\",\"boreratio\",\"stroke\",\"compressionratio\",\"horsepower\",\"peakrpm\",\"citympg\",\"highwaympg\",\"price\"],\"y\":[\"symboling\",\"fueltype\",\"aspiration\",\"doornumber\",\"carbody\",\"drivewheel\",\"enginelocation\",\"wheelbase\",\"carlength\",\"carwidth\",\"carheight\",\"curbweight\",\"enginetype\",\"cylindernumber\",\"enginesize\",\"fuelsystem\",\"boreratio\",\"stroke\",\"compressionratio\",\"horsepower\",\"peakrpm\",\"citympg\",\"highwaympg\",\"price\"],\"z\":[[1.0,0.19431093875737127,-0.059866046842223616,0.6640734518037426,-0.5961352607438638,-0.04167147596481731,0.21247093503963793,-0.5319536816234925,-0.35761152261729123,-0.23291906097426712,-0.5410381997685207,-0.2276905884774526,0.05037243177820974,0.19776151321134156,-0.10578970928966426,0.09116306449231822,-0.13005135968493117,-0.008735140673331062,-0.17851508438647604,0.07087272404244964,0.27360624512880943,-0.03582262794554099,0.034606000711919854,-0.07997822464270359],[0.19431093875737127,1.0,-0.4013972279419281,0.19149053539766922,-0.14785299278274833,-0.13225747545401118,0.040069514122354995,-0.30834586183695856,-0.2126788221781021,-0.23387981306426134,-0.2846310583752253,-0.2172753215180665,0.08269533635273824,0.11061689597197881,-0.06959428558590443,0.04152912209858018,-0.05445102921373177,-0.24182882129112257,-0.9843560568767543,0.16392616716997846,0.47688264182973933,-0.25596256304729154,-0.1913919112514853,-0.10567948235973909],[-0.059866046842223616,-0.4013972279419281,1.0,-0.03179175497874767,0.06302787073761099,0.06646465478671855,-0.0571914574090027,0.25761086421252033,0.2345390329583039,0.30056736937883066,0.08731109338446535,0.3249018818653244,-0.10296337862671448,-0.1331191616410537,0.10821740368388501,0.28808644692836627,0.21261419510132118,0.2229821770351895,0.2955407723962045,0.24168524951319395,-0.18338283461888066,-0.20236187679549852,-0.2544164697067268,0.1779262246309782],[0.6640734518037426,0.19149053539766922,-0.03179175497874767,1.0,-0.6803576852402089,0.09895444522541896,0.13775666114482088,-0.44735674020658484,-0.39856780380666423,-0.20716821862581802,-0.5522079480069919,-0.19737941963692174,0.0624313223958958,0.1543223897645273,-0.020741830272751092,0.015518990059827821,-0.11925822389712691,0.01108164388411397,-0.17788830860598231,0.12694694225409825,0.2476681775125692,0.012416653792617126,0.03632984787456202,-0.03183526584560979],[-0.5961352607438638,-0.14785299278274833,0.06302787073761099,-0.6803576852402089,1.0,-0.15574477287032729,-0.2770093325261999,0.4013623316186529,0.33443343846979984,0.13170973069477623,0.5685343155450353,0.12846724687394898,-0.037024031579655586,-0.04840811764342386,-0.0733520037864776,-0.06507862468589654,0.010549262218745688,-0.015325042893214198,0.13624338506021347,-0.1539275866099663,-0.10964283079254344,0.031697003656893326,-0.007170352900915959,-0.08397567917235146],[-0.04167147596481731,-0.13225747545401118,0.06646465478671855,0.09895444522541896,-0.15574477287032729,1.0,0.14786453626879617,0.4597453510256241,0.48564917894289766,0.47075072686454816,-0.019718828329516568,0.5751105907120291,-0.11682299186622336,0.22323820396342284,0.5243071899148661,0.4246857656630972,0.48182669453070764,0.071590648714391,0.12747898490410128,0.5186864815102054,-0.03941687157620603,-0.4495806690981156,-0.45221971289480345,0.577991531286198],[0.21247093503963793,0.040069514122354995,-0.0571914574090027,0.13775666114482088,-0.2770093325261999,0.14786453626879617,1.0,-0.18779024405021916,-0.05098854138962505,-0.05169764181908218,-0.10623424881131643,0.05046819534699237,0.11412701381635143,0.13554132533707702,0.19682630364806486,0.10597129522385412,0.18504194189420162,-0.13845548869396218,-0.01976200486543984,0.31783935493956794,0.19846084689286034,-0.15348745682146056,-0.10202621329648938,0.324973301080956],[-0.5319536816234925,-0.30834586183695856,0.25761086421252033,-0.44735674020658484,0.4013623316186529,0.4597453510256241,-0.18779024405021916,1.0,0.874587475964264,0.795143643616968,0.5894347616933517,0.7763863277822105,-0.13557712282916953,-0.18459576817698672,0.5693286815396968,0.38460064731566185,0.4887498752756672,0.16095904729726282,0.24978584518743374,0.35329447820540005,-0.36046874776149224,-0.47041361340548293,-0.544081923408828,0.5778155982921489],[-0.35761152261729123,-0.2126788221781021,0.2345390329583039,-0.39856780380666423,0.33443343846979984,0.48564917894289766,-0.05098854138962505,0.874587475964264,1.0,0.8411182684818453,0.4910294575042151,0.8777284608306433,-0.11329134513277571,-0.10958474803536158,0.6833598726519026,0.557810267077156,0.6064543579849689,0.12953261112791242,0.15841370644020683,0.5526229673941837,-0.28724220281843926,-0.6709086615585719,-0.7046616035425505,0.6829200156779629],[-0.23291906097426712,-0.23387981306426134,0.30056736937883066,-0.20716821862581802,0.13170973069477623,0.47075072686454816,-0.05169764181908218,0.795143643616968,0.8411182684818453,1.0,0.27921032110974997,0.8670324646791233,0.01229794633707438,-0.19407370463497847,0.7354334047796364,0.521433595356074,0.5591499086023913,0.1829416925142188,0.1811286267707973,0.6407320755722926,-0.22001230306613748,-0.6427043407108963,-0.677217917311713,0.759325299741511],[-0.5410381997685207,-0.2846310583752253,0.08731109338446535,-0.5522079480069919,0.5685343155450353,-0.019718828329516568,-0.10623424881131643,0.5894347616933517,0.4910294575042151,0.27921032110974997,1.0,0.29557172619485034,-0.12700161911428617,-0.2838447792951251,0.06714874180270604,0.01704602058993172,0.17107092150966066,-0.05530667369878668,0.2612142263199395,-0.10880205898413536,-0.3204107238101862,-0.04863962869509337,-0.10735762697679854,0.11933622657049496],[-0.2276905884774526,-0.2172753215180665,0.3249018818653244,-0.19737941963692174,0.12846724687394898,0.5751105907120291,0.05046819534699237,0.7763863277822105,0.8777284608306433,0.8670324646791233,0.29557172619485034,1.0,-0.05526531597549672,-0.04712730311707592,0.850594073426277,0.6116422351607874,0.648479748701071,0.16879003525191993,0.15136174003093056,0.7507392514434825,-0.2662431843367313,-0.757413784505601,-0.7974647922811803,0.8353048793372975],[0.05037243177820974,0.08269533635273824,-0.10296337862671448,0.0624313223958958,-0.037024031579655586,-0.11682299186622336,0.11412701381635143,-0.13557712282916953,-0.11329134513277571,0.01229794633707438,-0.12700161911428617,-0.05526531597549672,1.0,0.2373896248060589,0.04076606110448457,-0.0917874507465477,0.029354666229444375,-0.1419179303427152,-0.07187269943883813,0.010300953745511597,0.005598866480847188,-0.08500368091651757,-0.07845590788896918,0.04917099081969037],[0.19776151321134156,0.11061689597197881,-0.1331191616410537,0.1543223897645273,-0.04840811764342386,0.22323820396342284,0.13554132533707702,-0.18459576817698672,-0.10958474803536158,-0.19407370463497847,-0.2838447792951251,-0.04712730311707592,0.2373896248060589,1.0,-0.08561334517538886,0.011970239832177184,-0.03284448940621009,-0.050087575633511724,-0.06470082949715128,0.11561198796626651,0.22273073786628564,-0.12642226891482916,-0.08589714149964293,-0.02762786133217792],[-0.10578970928966426,-0.06959428558590443,0.10821740368388501,-0.020741830272751092,-0.0733520037864776,0.5243071899148661,0.19682630364806486,0.5693286815396968,0.6833598726519026,0.7354334047796364,0.06714874180270604,0.850594073426277,0.04076606110448457,-0.08561334517538886,1.0,0.5140697774014626,0.583774327417099,0.20312858790295577,0.028971359704083287,0.8097686545377302,-0.24465982533217653,-0.6536579163114195,-0.6774699078386522,0.8741448025245117],[0.09116306449231822,0.04152912209858018,0.28808644692836627,0.015518990059827821,-0.06507862468589654,0.4246857656630972,0.10597129522385412,0.38460064731566185,0.557810267077156,0.521433595356074,0.01704602058993172,0.6116422351607874,-0.0917874507465477,0.011970239832177184,0.5140697774014626,1.0,0.47559915115620716,0.08815310894730817,-0.10078635202417714,0.6556380527784672,0.014261005087524566,-0.6715811800779398,-0.6456587040405524,0.5268229602111603],[-0.13005135968493117,-0.05445102921373177,0.21261419510132118,-0.11925822389712691,0.010549262218745688,0.48182669453070764,0.18504194189420162,0.4887498752756672,0.6064543579849689,0.5591499086023913,0.17107092150966066,0.648479748701071,0.029354666229444375,-0.03284448940621009,0.583774327417099,0.47559915115620716,1.0,-0.05590898252008878,0.0051973387005891224,0.57367682346572,-0.25497552836873105,-0.5845317156694846,-0.5870117842417776,0.5531732367984439],[-0.008735140673331062,-0.24182882129112257,0.2229821770351895,0.01108164388411397,-0.015325042893214198,0.071590648714391,-0.13845548869396218,0.16095904729726282,0.12953261112791242,0.1829416925142188,-0.05530667369878668,0.16879003525191993,-0.1419179303427152,-0.050087575633511724,0.20312858790295577,0.08815310894730817,-0.05590898252008878,1.0,0.1861101102879554,0.08093953574495318,-0.06796375316491045,-0.042144754040548675,-0.04393093044651369,0.0794430838819307],[-0.17851508438647604,-0.9843560568767543,0.2955407723962045,-0.17788830860598231,0.13624338506021347,0.12747898490410128,-0.01976200486543984,0.24978584518743374,0.15841370644020683,0.1811286267707973,0.2612142263199395,0.15136174003093056,-0.07187269943883813,-0.06470082949715128,0.028971359704083287,-0.10078635202417714,0.0051973387005891224,0.1861101102879554,1.0,-0.20432622618867832,-0.43574051445619716,0.32470142452073303,0.2652013891633968,0.06798350579944266],[0.07087272404244964,0.16392616716997846,0.24168524951319395,0.12694694225409825,-0.1539275866099663,0.5186864815102054,0.31783935493956794,0.35329447820540005,0.5526229673941837,0.6407320755722926,-0.10880205898413536,0.7507392514434825,0.010300953745511597,0.11561198796626651,0.8097686545377302,0.6556380527784672,0.57367682346572,0.08093953574495318,-0.20432622618867832,1.0,0.13107250535631124,-0.8014561756662708,-0.7705438913729603,0.8081388225362214],[0.27360624512880943,0.47688264182973933,-0.18338283461888066,0.2476681775125692,-0.10964283079254344,-0.03941687157620603,0.19846084689286034,-0.36046874776149224,-0.28724220281843926,-0.22001230306613748,-0.3204107238101862,-0.2662431843367313,0.005598866480847188,0.22273073786628564,-0.24465982533217653,0.014261005087524566,-0.25497552836873105,-0.06796375316491045,-0.43574051445619716,0.13107250535631124,1.0,-0.11354438353910279,-0.05427480834234562,-0.0852671502778575],[-0.03582262794554099,-0.25596256304729154,-0.20236187679549852,0.012416653792617126,0.031697003656893326,-0.4495806690981156,-0.15348745682146056,-0.47041361340548293,-0.6709086615585719,-0.6427043407108963,-0.04863962869509337,-0.757413784505601,-0.08500368091651757,-0.12642226891482916,-0.6536579163114195,-0.6715811800779398,-0.5845317156694846,-0.042144754040548675,0.32470142452073303,-0.8014561756662708,-0.11354438353910279,1.0,0.9713370423425045,-0.68575133602704],[0.034606000711919854,-0.1913919112514853,-0.2544164697067268,0.03632984787456202,-0.007170352900915959,-0.45221971289480345,-0.10202621329648938,-0.544081923408828,-0.7046616035425505,-0.677217917311713,-0.10735762697679854,-0.7974647922811803,-0.07845590788896918,-0.08589714149964293,-0.6774699078386522,-0.6456587040405524,-0.5870117842417776,-0.04393093044651369,0.2652013891633968,-0.7705438913729603,-0.05427480834234562,0.9713370423425045,1.0,-0.6975990916465573],[-0.07997822464270359,-0.10567948235973909,0.1779262246309782,-0.03183526584560979,-0.08397567917235146,0.577991531286198,0.324973301080956,0.5778155982921489,0.6829200156779629,0.759325299741511,0.11933622657049496,0.8353048793372975,0.04917099081969037,-0.02762786133217792,0.8741448025245117,0.5268229602111603,0.5531732367984439,0.0794430838819307,0.06798350579944266,0.8081388225362214,-0.0852671502778575,-0.68575133602704,-0.6975990916465573,1.0]],\"type\":\"heatmap\",\"xaxis\":\"x\",\"yaxis\":\"y\",\"hovertemplate\":\"x: %{x}\\u003cbr\\u003ey: %{y}\\u003cbr\\u003ecolor: %{z}\\u003cextra\\u003e\\u003c\\u002fextra\\u003e\"}],                        {\"template\":{\"data\":{\"histogram2dcontour\":[{\"type\":\"histogram2dcontour\",\"colorbar\":{\"outlinewidth\":0,\"ticks\":\"\"},\"colorscale\":[[0.0,\"#0d0887\"],[0.1111111111111111,\"#46039f\"],[0.2222222222222222,\"#7201a8\"],[0.3333333333333333,\"#9c179e\"],[0.4444444444444444,\"#bd3786\"],[0.5555555555555556,\"#d8576b\"],[0.6666666666666666,\"#ed7953\"],[0.7777777777777778,\"#fb9f3a\"],[0.8888888888888888,\"#fdca26\"],[1.0,\"#f0f921\"]]}],\"choropleth\":[{\"type\":\"choropleth\",\"colorbar\":{\"outlinewidth\":0,\"ticks\":\"\"}}],\"histogram2d\":[{\"type\":\"histogram2d\",\"colorbar\":{\"outlinewidth\":0,\"ticks\":\"\"},\"colorscale\":[[0.0,\"#0d0887\"],[0.1111111111111111,\"#46039f\"],[0.2222222222222222,\"#7201a8\"],[0.3333333333333333,\"#9c179e\"],[0.4444444444444444,\"#bd3786\"],[0.5555555555555556,\"#d8576b\"],[0.6666666666666666,\"#ed7953\"],[0.7777777777777778,\"#fb9f3a\"],[0.8888888888888888,\"#fdca26\"],[1.0,\"#f0f921\"]]}],\"heatmap\":[{\"type\":\"heatmap\",\"colorbar\":{\"outlinewidth\":0,\"ticks\":\"\"},\"colorscale\":[[0.0,\"#0d0887\"],[0.1111111111111111,\"#46039f\"],[0.2222222222222222,\"#7201a8\"],[0.3333333333333333,\"#9c179e\"],[0.4444444444444444,\"#bd3786\"],[0.5555555555555556,\"#d8576b\"],[0.6666666666666666,\"#ed7953\"],[0.7777777777777778,\"#fb9f3a\"],[0.8888888888888888,\"#fdca26\"],[1.0,\"#f0f921\"]]}],\"heatmapgl\":[{\"type\":\"heatmapgl\",\"colorbar\":{\"outlinewidth\":0,\"ticks\":\"\"},\"colorscale\":[[0.0,\"#0d0887\"],[0.1111111111111111,\"#46039f\"],[0.2222222222222222,\"#7201a8\"],[0.3333333333333333,\"#9c179e\"],[0.4444444444444444,\"#bd3786\"],[0.5555555555555556,\"#d8576b\"],[0.6666666666666666,\"#ed7953\"],[0.7777777777777778,\"#fb9f3a\"],[0.8888888888888888,\"#fdca26\"],[1.0,\"#f0f921\"]]}],\"contourcarpet\":[{\"type\":\"contourcarpet\",\"colorbar\":{\"outlinewidth\":0,\"ticks\":\"\"}}],\"contour\":[{\"type\":\"contour\",\"colorbar\":{\"outlinewidth\":0,\"ticks\":\"\"},\"colorscale\":[[0.0,\"#0d0887\"],[0.1111111111111111,\"#46039f\"],[0.2222222222222222,\"#7201a8\"],[0.3333333333333333,\"#9c179e\"],[0.4444444444444444,\"#bd3786\"],[0.5555555555555556,\"#d8576b\"],[0.6666666666666666,\"#ed7953\"],[0.7777777777777778,\"#fb9f3a\"],[0.8888888888888888,\"#fdca26\"],[1.0,\"#f0f921\"]]}],\"surface\":[{\"type\":\"surface\",\"colorbar\":{\"outlinewidth\":0,\"ticks\":\"\"},\"colorscale\":[[0.0,\"#0d0887\"],[0.1111111111111111,\"#46039f\"],[0.2222222222222222,\"#7201a8\"],[0.3333333333333333,\"#